-0.963971
-1.000000
-0.300947
0.535057
0.689565
-0.295047
-0.804478
-0.798120
0.454327
-0.812404
-0.315283
-0.556379
-1.000000
0.824504
-1.000000
-0.981139
0.242813
-0.601151
1.000000
0.500002
-0.460712
0.568394
0.665230
1.000000
-1.000000
-0.922319
1.000000
0.918736
-0.218308
-0.182133
-0.605719
-0.474480
0.087276
0.932502
0.055109
0.660549
-0.783719
0.926582
-0.524626
-0.371504
-0.009892
1.000000
-0.279448
1.000000
-1.000000
-0.288106
-1.000000
-0.142686
-0.055169
-1.000000
0.963737
-0.829002
0.161709
0.546002
0.998112
-0.059363
0.383871
1.000000
1.000000
-0.194148
0.882631
-0.975425
1.000000
0.773828
0.584679
0.901218
0.309462
1.000000
-0.899726
0.798512
-0.508565
0.789463
-0.631252
-0.062267
0.462982
-0.154102
0.302283
-0.241075
-0.706347
0.420858
1.000000
0.619902
1.000000
-1.000000
-1.000000
0.543715
-0.230469
0.241891
0.400603
0.848448
0.466756
0.679851
-0.000589
0.418218
1.000000
0.672925
-0.066077
-1.000000
-0.170359
0.860041
-0.196490
-1.000000
-0.293845
0.070315
1.000000
-1.000000
1.000000
-1.000000
-1.000000
-1.000000
0.549353
0.392492
-0.095525
1.000000
0.453874
-0.396733
0.300878
1.000000
0.511841
0.647768
0.963043
-0.094149
0.617326
-0.551283
0.834400
-1.000000
-0.066836
1.000000
-0.353143
0.313820
-0.243712
0.281371
-0.405337
-0.621724
1.000000
-0.857332
0.265423
0.180494
1.000000
0.810319
0.909861
0.274589
-0.213932
0.959317
1.000000
0.718502
1.000000
0.496771
-0.425860
0.930934
-0.711340
-0.885171
0.724343
0.616006
1.000000
1.000000
1.000000
0.736485
-0.162686
0.239881
0.549070
0.304972
0.010158
-0.730783
0.517594
0.805551
-0.236138
0.553616
0.887591
0.686687
1.000000
-0.099818
-0.058674
0.178615
0.535596
0.585818
-0.924998
0.814767
0.160828
0.136318
0.229258
0.433551
0.820696
-0.310066
0.216451
0.447596
0.197043
0.145468
0.394277
-0.145199
0.011807
0.954106
-0.352803
0.191967
0.720162
0.888482
0.154821
0.305803
0.498411
0.166612
1.000000
0.388938
0.301933
0.718355
0.976716
-0.923309
-0.092848
1.000000
0.418877
-1.000000
0.807069
0.327918
-1.000000
-0.259250
-0.406055
-0.085919
-0.388567
0.490590
