0.161146
0.674079
0.236975
0.038887
0.288986
0.119070
0.336724
0.410474
0.287791
0.790244
0.553344
0.511126
0.166482
0.190476
0.080902
0.863953
0.414086
0.540982
0.231974
0.361195
0.393798
0.911008
0.873923
0.108498
0.361029
0.121874
0.855214
0.312676
0.551151
0.785059
0.810554
0.790227
0.936721
0.058585
0.643325
0.727021
0.280010
0.963679
0.580893
0.514208
0.396501
0.854490
0.136779
0.316663
0.372866
0.045691
0.453933
0.003546
0.320941
0.239655
0.177013
0.824225
0.544226
0.029276
1.000000
0.891341
0.435328
-0.008632
0.589345
0.038284
0.143480
0.230168
0.521960
0.451190
0.574166
0.259991
0.467120
0.140738
0.094614
0.392871
0.902873
0.535674
0.146853
0.291390
0.487874
0.382327
0.321960
0.613453
0.984855
0.677770
0.123201
0.360583
0.780826
0.130997
0.729167
0.025948
0.740300
0.259457
0.266249
0.498346
0.515183
0.914922
0.959641
0.273364
0.922397
0.785192
0.154173
1.000000
0.187160
0.111970
0.929884
0.870721
0.665693
0.160812
0.669401
0.008402
0.100659
0.898464
0.605741
0.094156
0.926076
0.264633
0.128946
0.470694
0.079439
0.201100
0.192403
0.610952
0.636279
0.605115
0.113106
0.702842
0.370336
0.040395
0.400847
0.615515
0.474294
0.528659
0.456992
0.766241
0.632133
0.908439
0.763445
0.567794
0.702182
0.159337
0.363848
0.928077
0.045224
0.174421
0.091953
0.038886
0.470840
0.729204
-0.004140
0.313764
1.000000
0.801567
0.442930
0.955076
0.562408
0.602787
0.152290
0.833767
0.854810
0.939435
0.222997
0.198028
0.965934
0.513437
0.756754
0.707428
0.270344
0.428286
0.418329
0.029563
-0.003846
0.779710
0.903107
0.837110
0.167054
0.683556
-0.050025
0.789072
0.270819
0.829767
0.644675
0.313585
0.423348
0.792991
0.907580
0.896870
0.246255
0.618953
0.156022
0.816981
0.346381
0.814713
0.749400
0.524616
0.261793
0.354943
0.497210
0.020514
0.457320
1.000000
0.311291
0.251264
0.479087
0.925794
0.177549
0.181146
0.719197
0.772238
0.151174
0.343223
0.498427
1.000000
0.951565
0.385946
-0.026819
1.000000
0.967316
0.648822
0.626510
0.491343
0.373098
0.731624
