-0.403983
0.945267
0.851790
-1.000000
0.162469
-0.976531
-0.544125
0.525020
-0.220374
-0.992090
-0.438248
-0.936377
-0.052981
-0.641129
0.072751
1.000000
0.190804
0.679965
0.871231
-0.241641
-0.881792
-0.807154
0.926618
-0.447026
-0.504429
-0.064808
-1.000000
-0.273166
0.738972
-0.341904
-0.441167
0.547200
0.255853
-1.000000
-0.707512
-0.052431
-1.000000
0.938765
0.635031
-1.000000
0.756107
-0.571116
0.783633
-0.895489
-0.564868
-0.260114
-0.175565
0.936640
0.866112
0.932420
-0.038301
1.000000
-1.000000
0.010372
-0.805557
0.358972
-0.118149
0.319505
0.807560
0.784579
0.863485
-0.064856
0.412382
0.552008
0.040088
0.236857
0.262666
0.782855
-0.327956
1.000000
-0.851221
0.770380
0.187937
-1.000000
-0.918497
-0.443975
-1.000000
0.087051
-0.461581
0.972912
0.140496
0.128077
0.533000
-0.398400
0.861150
0.645418
-0.313285
0.695177
-1.000000
1.000000
0.199698
0.312766
1.000000
-0.825297
0.099727
-0.225042
0.205970
0.653308
0.431239
0.238792
-0.584168
0.365068
0.357827
0.156960
0.058021
-0.177212
-0.083670
-0.658747
0.559317
0.527602
0.692825
0.842005
0.415174
-0.779703
-0.052418
0.223117
-1.000000
0.632604
0.736214
0.922959
-0.077807
-0.270557
0.774897
0.689646
0.651139
-0.770803
0.715475
-0.802181
-0.073526
-0.313423
0.719014
0.144827
-0.121868
0.922524
0.433128
0.951244
0.232440
0.355727
0.347942
0.427836
0.966946
0.936145
0.720860
0.788528
0.341299
-0.881651
-0.411655
1.000000
0.095899
-0.513966
-0.557899
0.273067
0.847208
-0.847983
0.833288
-0.930545
-0.962781
0.480766
-1.000000
0.951947
0.013248
1.000000
0.911506
0.949953
-0.040174
-0.800810
0.025499
0.491325
0.168659
1.000000
-0.245891
0.885682
0.868848
0.129154
1.000000
-0.208087
1.000000
-1.000000
0.873488
-0.834367
0.960667
1.000000
0.450175
0.768134
-0.784139
0.217689
0.900979
0.943539
0.665755
0.571395
0.337420
-0.743790
-0.162787
0.915355
0.941930
1.000000
-0.846179
0.952901
-0.027602
1.000000
-1.000000
0.041472
-0.239183
-0.048357
-1.000000
-0.414430
0.014486
-0.352227
-0.880106
0.374618
-0.940961
0.811685
0.343181
-0.130759
0.372087
-0.252939
0.769334
0.729898
