0.894377
0.476379
0.923109
0.458085
-0.273324
0.374928
-1.000000
-0.316206
-0.369462
-0.947669
0.150379
0.931088
0.780079
-0.397113
0.999583
-0.199562
0.530289
-0.883270
-1.000000
1.000000
0.243203
0.944937
-0.427304
-0.639127
1.000000
-0.063336
-0.831323
-0.312536
1.000000
1.000000
-1.000000
1.000000
-0.861953
-0.191641
0.918192
1.000000
-0.007129
-1.000000
-0.279102
1.000000
0.138415
-1.000000
-1.000000
-0.740689
1.000000
-1.000000
-0.026423
0.346739
0.314556
1.000000
-0.182937
-0.253579
0.137631
-0.109171
-1.000000
1.000000
-0.028948
-0.565348
1.000000
-0.695629
1.000000
1.000000
1.000000
0.155833
0.610682
1.000000
0.457880
-0.438242
-1.000000
0.581558
-0.372566
0.312516
-0.522822
0.080460
0.897382
1.000000
0.492666
0.982025
-0.488419
-0.658347
0.348344
-1.000000
0.383788
-0.564174
-1.000000
1.000000
1.000000
-0.665152
-0.491279
0.174965
-1.000000
-0.693618
0.063378
-1.000000
-0.647669
1.000000
0.560559
-1.000000
-1.000000
0.322930
1.000000
0.727418
0.086868
-0.826706
0.058919
1.000000
0.361806
-1.000000
-1.000000
-0.154735
0.723812
-0.265677
-0.258939
-1.000000
-0.260277
-0.732339
0.465504
1.000000
0.709647
-0.122177
0.513377
-1.000000
-0.673876
-0.672425
0.849950
0.775221
-0.028772
0.755701
0.085250
1.000000
-1.000000
0.797386
-1.000000
-0.487919
-0.144269
1.000000
-0.812472
-0.443358
0.230884
0.307349
-1.000000
0.405394
0.845617
-0.433626
0.908694
-1.000000
-0.624602
0.303664
-1.000000
1.000000
-0.830742
-1.000000
0.337057
0.517493
0.683069
0.533909
0.178189
-0.996861
-0.045138
-0.141018
0.554495
-0.162642
-0.375229
1.000000
-0.326019
-1.000000
-1.000000
-0.283915
1.000000
-0.434797
0.939512
1.000000
0.939691
0.468764
-1.000000
-1.000000
1.000000
-0.202186
0.010225
-1.000000
1.000000
0.952761
-0.404563
1.000000
-0.641773
0.805800
-0.410148
1.000000
0.032355
-0.985537
-0.940453
-0.397179
0.462810
-1.000000
-0.088628
-0.150552
-0.838182
1.000000
0.681633
0.704458
-0.342168
1.000000
1.000000
-0.628073
1.000000
0.444764
0.808962
-0.685347
1.000000
1.000000
-1.000000
0.278950
1.000000
0.650579
1.000000
-0.540682
0.263563
0.203303
