-0.132829
0.548681
-0.989964
0.440468
0.665720
0.989393
-0.206556
0.366262
-0.720484
-0.281364
0.473664
0.998148
0.844803
0.234412
-0.090325
-0.655323
-0.831251
0.125753
-0.095402
0.524275
0.144671
-0.442809
0.560186
-0.241101
0.641303
-0.015013
0.329353
0.666550
-0.710067
-0.248281
-0.825305
-0.338660
0.750131
0.073291
0.923037
0.973165
0.606659
-0.381727
0.947653
0.273537
-0.987610
0.612887
0.987417
0.533420
-0.585433
-0.027601
-0.043515
0.076596
0.931979
-0.154713
-0.644611
-0.245094
0.809087
-0.813507
0.748705
1.000000
-0.937183
0.642662
-0.940430
0.636311
0.463406
0.247381
-0.694971
-0.763798
-0.974019
-0.750029
0.396796
-0.045046
-0.427785
-0.807458
-0.519943
-1.000000
0.701458
-0.573867
-0.211092
-1.000000
0.715961
-0.522997
-0.987335
0.031565
0.725430
-0.103921
0.802726
-0.208545
0.411797
-0.996722
0.604877
-0.004867
-0.454914
-0.343429
-0.654981
0.076843
0.703755
0.850822
-0.380033
0.137420
-0.765111
0.917851
0.375989
-0.731822
-0.265423
0.780807
-0.941304
-0.239472
0.583141
-0.147681
0.731281
0.598331
-0.101722
0.768264
0.099704
0.469021
0.475962
-0.007541
-0.412368
-0.246768
-0.950507
0.715756
0.545339
-0.619130
0.499934
0.713450
0.245735
0.475460
0.973014
0.114165
-0.773492
-0.907485
-0.675366
0.442911
-0.728207
0.855384
0.796025
0.565106
0.251150
0.094077
-0.487856
1.000000
0.558168
-0.571555
0.735056
0.046014
0.413838
-0.377753
-0.361608
0.825106
0.290606
-0.859073
0.609803
0.704878
-0.994245
1.000000
0.817183
-0.674975
-0.270544
0.206806
-0.478496
0.436627
-0.436064
0.040414
-0.752155
-0.907345
-0.834459
-0.999360
0.151706
-0.624268
0.612373
-0.461021
0.351659
-1.000000
-0.359357
0.498375
0.517643
-0.721210
-0.371795
-0.101635
0.709427
0.724288
0.417314
0.477181
0.532547
0.062615
0.328435
-0.840630
0.168209
0.221335
-0.301859
0.436417
-0.714625
0.299761
-0.904582
0.228099
1.000000
-0.535168
-1.000000
0.300001
-0.613336
0.672903
0.689221
-0.647139
-0.917954
-0.813324
-0.816379
0.261795
0.264162
0.001058
0.280288
-0.505955
-0.041781
0.466278
0.681752
-0.740427
0.497080
-0.893151
-0.391571
-0.789790
-0.104517
0.138152
