0.520272
0.614332
0.404872
-0.782458
0.394888
0.419512
-0.401520
1.000000
0.465313
0.515772
0.896163
0.207391
0.232328
0.237014
0.380986
0.888166
0.745734
0.377303
0.724724
-0.372861
-0.511753
0.967246
0.941938
-0.798522
-0.934521
1.000000
-0.470089
0.060879
0.449781
0.027165
-0.146929
1.000000
0.295418
-1.000000
-0.478255
1.000000
-0.553365
0.700196
0.065649
0.405298
0.743526
0.421190
-0.260336
-0.456572
0.686523
-0.088904
-0.849808
-0.742358
0.268999
0.759065
0.520613
-0.379600
-0.613906
0.337452
-0.409816
0.383658
0.727034
-0.924836
1.000000
0.967087
1.000000
0.068090
0.547899
0.813470
1.000000
-0.544849
-0.573235
-0.107962
1.000000
-1.000000
0.916079
0.867656
-1.000000
-0.178505
0.745431
-0.165403
0.972678
0.809590
0.280343
0.699697
-0.238895
0.699445
0.512565
-0.134022
0.083772
-0.679755
0.245192
-0.926004
0.035551
0.899435
0.079494
0.124352
0.675746
-1.000000
0.698699
-0.037170
0.358509
0.814048
-0.742920
0.038298
-0.575387
0.838007
0.971156
0.017747
1.000000
-0.787085
0.801684
0.090203
0.526739
0.479558
0.201582
0.109648
0.679680
-0.672829
-0.062971
-0.044476
-0.265614
-0.304160
0.846084
0.118435
-0.923823
0.368918
1.000000
0.937709
0.234088
0.529409
-0.551007
0.988349
1.000000
-0.488110
0.877169
-0.285320
-0.088782
0.035875
0.689521
0.799278
0.712201
0.092265
1.000000
1.000000
1.000000
-1.000000
0.934196
1.000000
0.728205
0.357117
0.412756
0.753579
-0.719589
-0.372415
1.000000
0.868925
-1.000000
0.490331
0.929803
0.788583
1.000000
0.544555
0.277031
0.579334
0.063574
0.724234
1.000000
0.045770
0.021830
-0.770136
0.366317
0.768650
0.494053
0.892954
-0.864802
0.509493
1.000000
1.000000
-0.777360
-0.293483
0.250882
0.624160
-0.425575
0.082229
1.000000
1.000000
-0.291198
1.000000
-0.322601
0.213152
-0.373127
0.983698
0.370652
1.000000
-0.582685
-0.527459
0.366480
-0.083111
0.173952
0.654229
-0.032129
1.000000
0.120239
0.793808
-0.397368
-0.377784
0.931970
0.019658
0.291406
1.000000
1.000000
0.915782
0.566810
0.316526
-0.806674
0.590118
0.296076
0.772174
-0.184458
-0.605083
-0.166994
0.976625
