0.087498
0.792709
-0.705774
0.482978
0.735609
0.570565
-0.838683
0.622965
-1.000000
-0.152341
-0.497550
-0.233142
0.423043
1.000000
0.496001
-0.819007
0.002605
-0.674482
0.637463
0.236931
0.810561
0.165231
0.517087
-0.345165
1.000000
0.863439
0.283449
-0.783114
-0.743954
0.317729
-0.340202
0.509273
0.816316
0.139485
0.871031
0.755053
0.117584
-0.592288
0.912431
-0.871908
-0.484810
-0.108678
-0.500047
-0.271017
-0.104171
-0.947021
-0.248469
0.995306
0.130122
1.000000
-0.752236
-0.476308
0.330201
-0.966062
-0.656307
-0.399341
-0.022284
0.408893
-0.720506
0.136806
0.414002
0.252246
-0.851312
-0.336791
-0.384366
-0.816313
0.875382
-0.318651
-0.402872
-0.833179
0.157875
-0.514809
0.562547
-0.003008
-0.520030
-0.490950
0.908473
-0.356466
-0.733358
0.718024
0.340437
-0.536441
0.711496
-0.830593
1.000000
-1.000000
0.726805
0.314176
0.324121
-0.517442
-0.132288
-1.000000
0.741960
0.551659
-0.112712
0.302895
0.250196
0.772508
-0.892234
-0.733356
0.005729
0.941660
-0.520547
0.126845
0.907827
-0.095636
0.394204
0.316811
0.166268
1.000000
-0.487279
0.138616
-0.489573
0.613744
-0.598192
0.024375
-0.938328
-0.602570
0.937699
-0.138906
1.000000
1.000000
0.852567
-0.905648
0.588206
0.334628
-0.378260
-0.790037
-0.946117
0.745191
-0.037356
0.216168
0.691948
0.010096
-0.161029
-0.189589
-0.127800
0.909964
-0.069436
-0.668137
0.637230
-1.000000
0.662204
0.525927
-0.061431
0.185944
0.158025
-0.068025
1.000000
0.564072
-0.718550
0.520071
-0.049702
-0.277536
-0.840294
0.088423
0.297913
0.259786
-0.578297
0.175861
-0.395112
-0.398287
-0.695889
-0.768782
0.024370
-0.060435
-0.007431
0.704892
0.586915
-0.617909
-0.935663
-0.234247
0.611152
0.377722
0.113431
-0.952501
0.150453
0.481482
-1.000000
0.322575
0.720450
0.997378
0.078359
-0.661629
-0.511716
0.162260
0.575994
-0.676894
-0.759462
0.849554
-0.033549
0.748838
0.928479
-0.467399
-0.336985
-0.008658
0.286676
0.483086
0.078372
-0.922458
0.045244
-0.049238
0.018262
-0.325872
-0.144844
0.961401
-0.033482
0.769189
0.246708
0.574662
0.404278
-0.865850
0.891163
-0.463296
-0.874397
0.381288
-0.806166
-0.106112
