0.175541
0.150160
-0.760059
0.213568
0.878734
0.028426
-0.346258
0.984709
-0.660817
0.110917
-0.399431
-0.158243
0.347871
0.378135
0.841195
-0.250567
-0.003586
-0.487325
0.991170
0.344274
0.869486
0.620198
0.498568
-0.108512
0.865450
0.756235
0.087315
-0.812826
-0.596294
0.648168
-0.392254
0.503841
0.959472
0.260410
0.530352
0.119665
-0.206549
-0.914754
0.897013
-0.756709
-0.730520
-0.201245
-0.078939
-0.265118
0.306574
-0.899822
-0.216926
0.826577
0.309812
0.054915
-0.407420
-0.509178
0.200754
-1.000000
-0.974976
-0.425829
-0.411395
0.926565
-0.566365
0.234180
0.135183
0.032273
-0.638693
-0.669643
-0.252864
-0.991709
0.926510
-0.228349
-0.241247
-0.555191
-0.296386
-0.256177
0.331038
0.208573
-0.404655
-0.462854
1.000000
-0.075175
-0.897749
0.922465
0.742578
-0.358762
0.709402
-0.998318
0.785170
-0.773551
0.471894
0.162390
0.737417
-0.340019
-0.403062
-0.970291
0.933622
0.812824
-0.122447
0.221139
-0.099868
0.509654
-0.459696
-0.686212
-0.183343
0.774911
-0.426896
-0.156378
0.998753
0.032169
0.998089
0.241819
0.267273
0.389451
-0.197840
-0.059543
-0.293221
0.720549
-0.943674
0.107693
-0.846031
-0.381591
0.999916
0.037766
0.938683
0.833934
0.517895
-0.682501
0.655264
0.948322
0.314475
-0.358114
-0.942887
0.629295
0.615699
-0.710304
0.426597
0.244425
0.208924
0.405499
-0.008514
0.850766
-0.047113
-0.844614
0.635889
-0.766744
0.729322
0.380583
0.344869
-0.586568
-0.134582
0.930184
1.000000
0.264042
-0.613417
0.993879
-0.308961
-0.211962
-0.908462
-0.184597
-0.521977
0.572608
-0.772451
0.193408
-0.800721
-0.357124
-0.816387
-0.698905
-0.529991
0.398114
-0.855230
0.494300
0.381991
-0.273534
-0.733772
-0.139668
0.944241
0.710562
-0.148840
-0.758211
-0.008298
0.450485
-0.931961
-0.075037
0.823980
0.703939
0.320229
-0.873775
-0.136875
-0.080671
0.427252
-0.101516
0.132413
0.391585
0.241361
0.993526
0.795361
-0.817674
0.286906
-0.298484
0.646368
0.898476
0.028910
-0.834456
-0.139407
0.623908
0.367996
0.285046
0.534417
0.903719
-0.695809
0.148136
-0.032832
0.488266
0.596876
-0.981267
0.611374
0.076340
-0.805543
0.251645
-0.667667
-0.898529
