-0.823708
0.424284
0.985936
-0.896357
1.000000
-0.375795
-1.000000
-0.200105
-0.711954
-0.464514
0.275068
-0.595129
-0.283628
-1.000000
0.848745
0.777709
0.369051
0.313647
-0.249133
-1.000000
0.128439
-1.000000
0.609198
0.080769
1.000000
-0.013857
-0.093844
-0.920696
0.078246
0.311426
0.560292
-0.454716
0.734415
0.612782
0.676840
0.719209
0.131399
0.064919
-0.884672
0.183198
-0.439127
-0.226189
-0.718447
-0.250989
-0.992090
1.000000
-0.470792
-0.151115
-1.000000
0.947013
1.000000
0.051377
0.646820
0.705471
-0.888271
1.000000
0.848955
0.341619
-0.171375
-0.862954
0.629312
0.019657
0.200855
-0.667387
-0.292913
1.000000
-0.485377
-0.152541
-0.565015
0.827935
0.233742
0.857351
1.000000
0.916248
0.450217
0.671854
0.787023
-0.606439
0.692985
0.882562
-0.478752
-0.986441
1.000000
0.027223
1.000000
1.000000
0.626438
0.517464
-0.064222
0.321821
0.402180
0.002623
-0.002441
0.056840
0.393619
0.369863
-1.000000
0.755531
0.661534
-1.000000
0.266286
0.027478
1.000000
-0.709942
0.289688
0.851804
-1.000000
-0.109654
0.509662
1.000000
0.344595
-0.246211
0.914584
0.220057
0.987347
-0.351358
-0.798677
-0.415804
-0.057893
-1.000000
0.172402
-0.333637
0.679704
-0.085743
0.032122
-0.594153
1.000000
-1.000000
0.175559
-0.414075
1.000000
-0.174389
-0.072836
0.655057
-0.332960
0.367042
-0.982592
1.000000
0.137569
-0.690331
-0.069776
0.973238
1.000000
0.687480
-0.477082
1.000000
0.876416
0.959306
1.000000
-0.280843
0.797411
0.098250
-1.000000
-0.648329
1.000000
-1.000000
-0.160417
-0.066378
-0.898465
-0.084182
-0.815534
0.661962
0.128783
-0.517558
-1.000000
-0.956364
0.020777
1.000000
0.843843
-0.132049
0.799929
-1.000000
-0.925612
0.386487
-0.941228
0.386301
-0.246091
0.803351
-0.600497
-0.658085
0.240600
1.000000
-0.750921
0.851196
-0.623471
-1.000000
0.229598
0.350946
-0.117193
0.940074
0.343498
0.397573
1.000000
-0.852336
0.954956
1.000000
-1.000000
0.196283
-0.783409
0.965982
-0.521388
0.360381
0.232596
-0.360182
0.694845
0.451974
-0.626790
0.206947
0.237397
-0.198979
-0.665082
0.389057
0.562263
-0.224968
0.396874
0.085640
-0.449589
-0.136741
