-1.000000
-0.529109
-0.826251
1.000000
-0.101948
1.000000
1.000000
-0.092621
-0.186311
1.000000
1.000000
1.000000
0.573863
0.078420
-0.045485
0.500654
-0.759756
-0.455592
0.457665
-0.343553
1.000000
1.000000
-0.072019
-0.417675
0.460282
1.000000
1.000000
-0.033346
0.477528
0.064283
1.000000
0.080068
0.921283
1.000000
-0.251727
-0.111897
0.041006
1.000000
1.000000
0.886522
1.000000
1.000000
-0.412044
0.352634
1.000000
1.000000
1.000000
0.783506
0.298511
0.702728
-0.334022
0.829118
-0.347741
0.948306
-0.094099
0.672872
1.000000
-1.000000
0.344265
0.007031
0.029823
0.188343
-0.168396
0.796677
-0.331970
0.915440
-0.651424
0.623380
0.214477
-0.085103
0.302750
0.076628
1.000000
1.000000
0.931988
1.000000
-0.485551
0.728106
0.422788
1.000000
0.923547
-0.085909
0.029629
0.819425
0.606601
0.598746
-0.658585
-0.292911
1.000000
0.713082
0.906210
1.000000
0.471636
1.000000
0.036563
0.646383
0.170515
1.000000
0.519512
0.483044
0.840635
1.000000
1.000000
1.000000
-0.830918
-0.062937
0.404937
0.801219
0.129792
0.882158
-0.135502
-0.039639
-0.273628
-1.000000
1.000000
1.000000
0.524017
-0.345338
0.422959
0.934072
0.327841
0.750683
0.240995
-0.330689
0.460091
1.000000
1.000000
1.000000
0.195186
0.558428
-0.030956
0.659485
0.169569
0.873984
0.365972
-0.695817
0.335397
0.841859
-0.822974
0.257561
0.550196
0.128436
0.467364
0.135858
0.128796
1.000000
0.178615
0.489227
0.389325
0.466915
-0.113986
-0.311802
0.549732
0.354925
1.000000
0.925794
0.972598
0.463858
0.671531
0.372881
-0.143194
0.446780
0.673462
0.093084
0.066246
1.000000
0.703663
0.183500
0.590125
0.220262
1.000000
-0.746807
-0.616077
0.243495
1.000000
-0.656526
1.000000
-0.207907
-0.015945
1.000000
0.753548
0.721928
0.290104
-0.659862
0.259869
1.000000
1.000000
1.000000
0.878894
-0.072905
1.000000
0.892317
0.967193
0.057538
1.000000
1.000000
0.090166
0.168947
0.307312
-0.178004
1.000000
1.000000
0.528793
0.129347
0.413076
1.000000
-0.288423
0.240526
-0.440148
1.000000
-0.514269
0.469851
0.989541
-0.366636
1.000000
1.000000
-0.229530
1.000000
