0.471685
-0.283564
0.048186
-0.360556
-0.640278
-0.825122
0.868185
-0.235934
1.000000
0.738719
-1.000000
-0.121638
-0.080953
0.895375
0.493000
-1.000000
-1.000000
-0.842891
0.592096
0.658764
0.455529
0.794828
0.010164
0.690741
-1.000000
0.045236
1.000000
-1.000000
1.000000
1.000000
0.024233
0.797269
0.102776
0.127286
-0.162212
0.579203
-0.923886
0.444448
0.505881
1.000000
-0.810130
1.000000
0.280891
0.889800
-0.729136
-1.000000
-0.038840
0.366756
1.000000
-0.387709
-0.194608
0.654539
1.000000
-0.841343
0.238230
0.483400
-0.324523
0.461645
1.000000
1.000000
0.782095
-1.000000
-0.505357
-0.248476
0.713971
1.000000
0.357061
-1.000000
1.000000
-1.000000
0.701265
1.000000
0.596628
0.227499
1.000000
0.415089
0.350263
0.680771
-1.000000
-0.722047
1.000000
0.369822
0.210678
-0.409398
-0.018616
0.815105
-0.361995
-0.478058
0.951141
-1.000000
-0.398117
-0.658981
0.375109
-0.539438
0.635097
0.905896
0.040345
1.000000
1.000000
-1.000000
0.034896
-1.000000
0.514127
0.556539
-0.380566
-0.728911
0.882426
-0.124937
0.925592
-0.904344
0.083753
1.000000
-0.547818
0.891093
0.487627
0.942145
0.515615
0.568622
1.000000
0.682915
0.825078
1.000000
-0.414970
-0.859278
1.000000
-0.834632
0.385325
0.250661
-0.907593
0.916954
-0.065371
0.426415
0.284910
-0.312720
0.545861
0.353670
-0.842828
0.617752
0.860459
-0.964737
-0.425699
1.000000
1.000000
0.456937
0.143536
-0.976831
-0.434979
-1.000000
-0.367763
-0.476127
-0.452912
1.000000
1.000000
-0.431200
-0.125487
-0.219568
-0.198225
0.175644
0.776923
-0.088236
0.727095
0.998601
-0.847182
0.170061
-0.973757
0.272182
0.748549
0.402448
0.019290
0.743485
0.469419
-1.000000
0.043267
0.986619
-0.748983
-0.390694
0.130596
-0.274018
-0.628773
0.917185
1.000000
1.000000
0.149938
-1.000000
-0.037669
-0.843694
0.539038
-0.253684
1.000000
0.188268
1.000000
-1.000000
0.766039
0.665532
-0.285978
0.157571
0.490054
0.039176
0.932625
1.000000
0.428625
-0.466661
-0.171787
0.226067
-0.740982
-0.379397
0.118859
-0.880858
-0.992823
0.974134
0.267659
-0.783775
1.000000
0.876743
-0.288959
1.000000
0.839657
-0.203333
