0.664911
1.000000
0.329918
-0.451796
1.000000
1.000000
-0.894427
1.000000
0.550619
0.871060
0.717767
1.000000
-0.305019
0.151670
0.977605
0.929181
0.792117
0.141795
0.686651
-0.202038
0.622989
1.000000
0.473377
-0.195095
-0.390305
0.938536
0.166818
-0.578606
0.078819
0.257755
-0.212610
0.666178
0.210993
-0.594545
0.184075
0.563084
-0.672948
0.673510
-0.086101
1.000000
1.000000
0.398319
0.362748
-0.364190
0.154978
-0.231868
-0.256172
-0.113401
1.000000
0.261316
0.897065
0.376670
0.453819
0.625872
-0.028238
0.326690
0.448354
-0.325034
0.533645
0.979210
0.700005
0.551536
1.000000
1.000000
1.000000
-0.627131
0.133980
-0.020840
0.317555
-0.330173
1.000000
0.549262
-0.755272
-0.057259
1.000000
0.662545
-0.027158
0.604483
0.623129
0.775049
0.167723
1.000000
1.000000
0.362201
0.808853
-0.229424
0.129765
0.075081
-0.028436
1.000000
-0.128499
-0.223470
0.614774
-0.798190
0.673514
0.108562
-0.404271
0.759498
-0.373959
0.053556
0.243427
0.858126
0.343777
-0.027538
0.585247
-0.980779
-0.084563
0.188102
-0.360579
0.072205
0.590083
0.743067
1.000000
-0.215575
0.511989
0.019017
-0.472149
0.710055
1.000000
1.000000
-0.454026
-0.307300
1.000000
0.528626
-0.280617
1.000000
0.562985
0.688982
1.000000
0.016724
0.456953
0.707998
0.278423
0.347787
0.659435
0.990393
0.554892
0.844841
0.443008
0.799378
0.396214
-0.176412
0.173999
0.660686
0.494525
0.726562
0.583319
0.449471
-0.445401
0.171935
0.837515
0.547555
-0.240760
0.411477
1.000000
0.142010
0.814011
0.719719
1.000000
0.595536
0.475511
1.000000
0.498046
-0.284562
-0.336869
-1.000000
0.391452
0.492646
0.980589
1.000000
-0.895285
0.944804
0.527759
0.830124
0.297469
0.505984
-0.301707
0.200644
-0.066322
0.358510
1.000000
1.000000
0.033632
0.769917
-0.480832
1.000000
-0.339943
0.551041
0.091237
0.816534
-0.196869
-0.531046
0.315914
0.066645
0.258716
1.000000
0.542378
0.170868
0.378671
1.000000
-0.787086
-0.704519
1.000000
0.108298
0.706792
1.000000
0.910936
0.468649
0.468543
0.585874
-0.852064
0.744039
0.486047
1.000000
0.649220
-0.437236
-0.444394
0.177528
