0.489267
0.770083
0.404545
-0.785665
0.949309
-1.000000
-0.048673
-0.253697
-0.022197
-0.897695
-0.075073
-0.764493
-0.303684
-0.652095
-0.063344
0.740079
0.364928
0.860156
0.568317
0.605643
-1.000000
-0.768751
0.473885
-0.737531
-0.397745
-0.565498
-0.601994
0.114521
1.000000
0.171756
-1.000000
0.767902
0.366765
-0.903129
-0.548874
-0.821760
-1.000000
0.567643
0.502290
-0.664554
1.000000
0.334766
0.701714
-0.568948
-0.289290
0.775715
0.541751
0.855906
1.000000
0.465007
0.591388
-0.133893
-0.507232
-0.474953
-0.181703
0.952213
-0.693660
0.004093
0.845930
0.931929
0.489241
0.829985
0.885228
1.000000
-0.071148
-0.186217
0.131849
0.247587
0.514609
0.826091
0.067516
0.217157
-0.299230
-0.647543
-0.552544
-0.673493
-0.822427
0.874215
-0.782614
0.792883
0.602366
0.341747
-1.000000
0.545479
1.000000
1.000000
0.281278
0.363310
-0.734687
1.000000
1.000000
0.103522
0.756232
-0.891598
-0.085197
1.000000
0.807426
-0.243561
-0.448090
0.946613
-0.825520
1.000000
0.849805
0.621067
-0.126985
-0.050669
0.862311
0.073134
0.130198
0.390265
0.400342
0.073659
0.344527
-1.000000
-0.206237
0.396113
-0.802246
0.272235
0.863158
0.215453
0.332614
-1.000000
1.000000
1.000000
0.734914
-1.000000
0.834125
-0.324684
0.819796
-0.921382
0.713584
0.606275
0.314383
0.744384
0.166055
0.930817
0.917718
0.689068
0.635724
-1.000000
0.865425
0.062030
1.000000
-0.169022
0.845495
-0.178285
-0.395096
0.824903
-0.280091
-1.000000
-0.064570
-0.116174
0.066193
-0.046619
1.000000
-0.379357
-1.000000
1.000000
-0.796735
1.000000
-0.347149
0.907698
1.000000
1.000000
-1.000000
-0.943154
1.000000
1.000000
-0.303064
0.246666
-0.450439
0.848450
0.598181
-0.262175
0.177632
0.435945
1.000000
-0.232733
0.250813
0.187631
0.517865
0.602592
-0.584148
0.484235
-0.660557
0.012357
0.525276
0.505961
0.707985
1.000000
-0.659200
-0.662050
0.583261
1.000000
-0.467900
1.000000
-1.000000
0.680289
0.405154
1.000000
-1.000000
-0.431765
-0.612302
1.000000
-0.961886
-0.381268
0.905763
0.129508
-0.197988
0.776382
-0.275186
0.608167
0.184519
0.105499
-0.145202
-1.000000
0.528589
0.657039
